980
939
1008
978
912
943
991
960
982
1055
944
960
1003
959
960
918
959
975
915
911
918
972
915
970
927
928
988
903
960
980
960
988
979
928
935
968
975
968
972
1003
996
928
927
964
980
980
918
985
984
982
991
990
911
1000
910
984
976
991
944
934
943
919
927
944
923
984
944
946
938
940
959
939
976
1000
996
992
927
943
927
927
928
1006
960
943
984
938
996
928
975
986
936
983
934
935
930
1020
998
962
928
935
975
960
976
980
946
927
990
994
964
960
982
960
975
967
943
960
943
970
991
1000
992
960
960
928
944
959
991
980
991
1016
980
1014
938
992
1018
975
966
936
962
1007
996
1010
959
940
943
938
995
940
970
951
943
992
976
935
935
1001
975
1000
960
928
996
1006
1010
951
944
999
1008
942
935
1007
927
934
935
976
959
936
1012
976
944
976
960
990
1002
959
1008
959
1004
928
975
955
984
927
927
992
991
931
1010
972
1008
922
960
986
976
1014
960
1023
991
919
1020
943
980
943
928
1023
975
975
1007
935
974
959
915
943
960
991
1006
999
1007
935
928
976
991
984
984
935
944
984
926
1006
991
972
927
959
960
935
1020
959
944
991
976
1014
959
975
943
935
992
960
960
959
976
915
968
1010
935
919
1002
991
1012
928
1013
1004
1000
1006
975
959
943
934
975
999
992
994
960
960
959
991
944
1006
1004
1012
959
943
895
934
964
938
964
1007
943
959
991
992
960
960
1007
1004
960
