690
672
706
655
687
704
671
710
671
640
672
703
695
688
722
647
704
672
687
695
720
642
672
672
736
672
684
639
656
690
690
719
688
671
655
643
667
732
671
672
658
719
704
658
672
724
671
676
688
719
704
674
642
703
672
672
672
724
735
680
704
716
744
738
751
655
712
704
678
652
732
703
672
687
671
671
672
671
646
744
704
656
704
704
647
704
735
720
672
720
748
724
743
704
735
672
752
680
671
703
680
736
679
687
724
730
719
750
728
744
719
720
750
655
735
724
671
674
750
704
719
663
735
748
703
735
695
742
687
659
750
742
724
704
679
645
703
735
751
661
680
716
676
748
708
688
748
704
690
720
735
683
703
735
687
720
744
735
663
703
675
735
724
703
672
720
695
735
720
704
748
712
728
751
679
708
726
714
703
684
735
724
672
688
672
687
688
687
767
688
663
732
688
687
672
660
724
746
663
736
740
716
703
712
743
744
735
719
704
736
704
744
719
744
704
687
724
767
735
720
678
748
719
703
655
738
687
687
720
766
672
719
708
728
751
678
704
687
688
673
728
671
728
744
719
703
672
764
732
748
716
704
768
704
766
744
752
728
728
703
706
704
733
758
735
756
704
690
736
720
704
804
735
735
687
735
704
