1055
1004
1024
1024
1024
1004
1047
1002
1024
1055
1023
1024
1003
1055
1024
1024
1011
1047
1047
1031
1008
1055
1002
1035
1032
1024
1014
1024
1024
1039
1055
1054
1055
1031
1024
1024
1011
1031
1024
1002
1054
1024
1055
1024
1024
1055
1024
1024
1054
1031
1047
1039
1034
1024
1028
1024
1034
1024
1024
1024
1024
1055
1004
1024
1039
1031
1024
1024
1024
1024
1023
1024
1039
1015
1039
1039
1032
1071
1036
1024
1024
1024
1024
1024
1024
1024
1024
1047
1025
1039
1008
1028
1032
1024
1055
1055
1032
1030
1037
1055
1024
1024
1038
1038
1024
1024
1024
1026
1024
1002
1024
1071
1024
1024
1024
1024
1038
1024
1024
1024
1071
1024
1055
1038
1024
1046
1031
1024
1024
1039
1024
1024
1027
1014
1055
1023
1055
994
1014
995
1023
995
994
1008
1004
1023
1014
995
995
1000
1000
