1127
1150
1135
1142
1119
1090
1120
1106
1144
1135
1098
1130
1154
1102
1166
1090
1144
1104
1152
1120
1111
1151
1130
1135
1150
1154
1098
1123
1136
1108
1104
1120
1152
1151
1136
1152
1095
1143
1094
1120
1103
1140
1130
1164
1136
1098
1127
1140
1103
1130
1167
1099
1130
1119
1104
1132
1098
1103
1176
1152
1104
1158
1140
1120
1128
1151
1110
1088
1100
1136
1151
1152
1124
1135
1063
1167
1135
1119
1072
1074
1087
1079
1103
1108
1103
1047
1126
1106
1080
1068
1102
1112
1098
1103
1063
1104
1119
1120
1080
1062
1116
1103
1088
1063
1087
1124
1067
1064
1112
1118
1134
1056
1092
1103
1087
1132
1124
1104
1060
1070
1067
1126
1075
1126
1088
1118
1120
1103
1068
1119
1078
1088
1119
1152
1144
1130
1103
1092
1098
1103
1103
1087
1103
1124
1120
1104
1132
1120
1140
1100
1119
1088
1124
1138
1132
1076
1056
1056
1096
1091
1088
1072
1119
1120
1088
1088
1135
1095
1120
1103
1142
1126
1120
1090
1095
1104
1096
1135
1079
1103
1078
1088
1090
1135
1087
1088
1119
1094
1088
1075
1134
1119
1074
1134
1090
1103
1071
1079
1079
1071
1104
1119
1104
1088
1120
1095
1150
1095
1091
1095
1135
1150
1111
1143
1152
1124
1119
1135
1102
1136
1114
1119
1172
1151
1135
1111
1152
1108
1135
1156
1158
1167
1119
1120
1107
1120
1136
1136
1130
1160
1102
1120
1096
