1327
1327
1324
1312
1352
1328
1342
1324
1303
1304
1283
1280
1296
1330
1286
1312
1312
1311
1346
1327
1341
1306
1330
1288
1298
1284
1350
1316
1349
1348
1320
1285
1295
1348
1298
1316
1311
1287
1334
1319
1335
1336
1324
1298
1303
1356
1359
1290
1336
1312
1338
1358
1350
1311
1336
1311
1330
1328
1284
1327
1287
1350
1360
1343
1327
1344
1343
1327
1341
1303
1335
1338
1286
1320
1356
1332
1359
1342
1294
1290
1336
1354
1312
1332
1312
1338
1302
1343
1298
1322
1358
1374
1334
1312
1300
1311
1350
1312
1295
1328
1327
1319
1332
1290
1322
1295
1359
1332
1295
1350
1359
1295
1358
1369
1304
1359
1344
1354
1327
1343
1290
1338
1298
1294
1328
1336
1312
1287
1295
1291
1303
1299
1375
1319
1344
1316
1330
1352
1300
1312
1359
1319
1314
1316
1328
1298
1327
1343
1343
1296
1283
1346
1299
1311
1356
1302
1366
1298
1298
1346
1350
1344
1344
1299
1296
1356
1359
1297
1327
1360
1343
1311
1311
1291
1308
1358
1351
1324
1311
1359
1287
1343
1358
1356
1300
1312
1316
1348
1303
1303
1312
1344
1358
1328
1351
1328
1344
1343
1327
1298
1312
1332
1366
1352
1322
1343
1359
1312
1336
1316
1368
1299
1362
1280
1335
1283
1320
1311
1328
1360
1316
1344
1332
1359
1322
1348
1312
1296
1314
1342
1368
1327
1302
1344
1334
1352
1328
1344
1324
1296
1332
1343
1319
1324
1311
1359
1296
1359
1358
1332
1287
1326
1358
1312
1312
1376
1330
1358
1359
1344
1295
1303
1320
1343
1364
1295
1319
1343
1344
1298
1327
1336
1366
1299
1344
1334
1303
1312
1307
1302
1300
1303
1344
1366
1359
1330
1335
1297
1320
1343
1359
1362
1290
1312
1348
1300
1312
1322
1319
1356
1311
1364
1295
1350
1352
1320
1372
1344
1348
1327
1359
1320
1299
1356
1356
1332
1330
1296
1344
1312
1324
1360
1374
1327
1354
1359
1344
1312
1344
1344
1301
1344
1336
1348
1361
1346
1370
1302
