919
975
996
991
975
959
1020
988
962
1007
984
967
1004
1007
976
994
964
1007
972
990
1006
1002
938
960
1014
975
996
988
946
1022
1008
984
962
1022
992
1007
1000
951
978
967
1024
1023
1020
1024
960
1000
968
1007
983
946
1015
1038
1023
992
1040
1012
975
992
1024
1023
1007
991
1007
1036
995
1000
1048
992
1038
982
1018
1024
994
996
992
1044
971
1039
960
1024
1034
978
992
1038
960
1064
1023
992
1034
991
963
991
982
1048
1007
1024
1000
994
994
978
1048
996
1044
967
995
1008
976
1008
983
1028
994
991
1040
975
1023
992
1023
1021
992
1023
1040
1040
991
991
1024
983
1024
1044
1046
1023
1023
1028
1032
976
1000
966
1054
994
1024
1102
996
984
991
979
1048
1038
1039
1040
1055
1052
1054
1007
1044
999
1046
977
1046
1023
1068
1056
1039
992
1000
1032
1040
979
991
991
1017
994
1024
1000
1039
983
999
984
974
999
1023
991
1007
998
1052
991
1007
1044
1076
991
982
998
1024
1032
1015
1039
960
992
1023
1024
975
1024
976
1023
963
1007
968
1024
975
992
962
1007
1023
1024
960
960
967
1007
975
991
975
971
1043
1036
1029
1022
1023
1044
1004
975
960
971
1016
991
1007
1048
1056
1040
996
1024
1002
983
996
1008
960
1034
1010
962
975
1040
994
1042
1023
999
1040
1024
963
1026
1039
1036
971
1023
1007
975
1023
1048
1040
1024
978
1024
1060
975
1052
986
975
1023
1048
1060
1040
979
983
994
1023
1052
983
1060
1039
979
992
975
983
968
1007
991
1024
1064
992
1007
1046
