727
707
815
816
740
723
748
767
815
768
768
735
776
751
816
799
778
784
815
834
743
767
776
828
815
780
815
739
815
815
800
788
814
770
816
830
767
767
847
832
828
826
786
783
783
776
768
822
800
816
767
827
768
858
844
820
784
775
767
828
720
768
770
783
776
759
800
755
770
800
784
763
759
751
800
815
767
783
831
771
832
800
786
769
778
771
842
763
831
804
836
768
783
784
768
816
800
799
864
831
768
792
839
837
831
816
847
815
799
780
856
799
799
847
839
768
804
783
771
759
771
832
799
775
774
806
768
831
768
800
771
759
768
752
815
769
783
846
806
802
767
784
818
832
848
799
816
846
820
786
831
768
846
834
832
816
810
818
831
832
846
743
804
772
832
808
783
824
783
755
783
751
768
800
799
836
831
816
845
864
783
768
847
832
759
768
783
800
824
832
826
800
812
808
751
860
816
828
840
826
751
780
810
752
863
799
815
840
831
831
816
799
766
776
847
759
768
752
804
856
772
847
847
772
768
800
832
830
815
799
838
815
832
767
832
847
832
812
823
810
775
783
770
816
771
799
863
784
850
774
815
807
768
836
816
846
840
799
800
874
831
844
791
768
775
795
832
838
816
852
768
706
800
768
800
831
784
800
838
846
848
832
774
763
786
844
768
786
800
830
799
845
844
846
769
802
780
770
775
791
831
847
868
772
