1132
1140
1090
1151
1088
1150
1088
1112
1119
1071
1129
1144
1135
1094
1136
1100
1143
1092
1136
1112
1151
1088
1090
1120
1092
1108
1088
1119
1136
1120
1112
1135
1088
1108
1096
1135
1128
1150
1122
1136
1150
1092
1120
1151
1108
1120
1120
1134
1104
1088
1132
1092
1091
1104
1135
1128
1108
1098
1096
1120
1088
1090
1120
1136
1140
1124
1134
1103
1148
1138
1151
1124
1112
1088
1136
1151
1135
1120
1103
1144
1143
1128
1119
1103
1091
1124
1104
1088
1119
1126
1164
1164
1151
1100
1151
1148
1104
1130
1093
1102
1094
1099
1152
1088
1117
1104
1128
1096
1136
1103
1124
1140
1159
1151
1120
1126
1151
1132
1112
1151
1111
1119
1151
1103
1088
1132
1088
1103
1106
1152
1103
1104
1136
1150
1138
1132
1115
1091
1104
1150
1145
1160
1134
1090
1120
1119
1103
1098
1158
1151
1124
1152
1175
1088
1128
1095
1151
1156
1136
1120
1103
1094
1152
1120
1095
1137
1104
1136
1167
1136
1151
1136
1130
1151
1104
1166
1099
1108
1120
1104
1151
1166
1141
1164
1108
1103
1106
1166
1111
1104
1100
1159
1167
1119
1106
1110
1095
1151
1151
1144
1166
1165
1135
1159
1108
1095
1152
1158
1110
1100
1151
1160
1152
1102
1119
1104
1151
1164
1127
1167
1120
1111
1139
1151
1135
1099
1159
1131
1104
