1183
1212
1200
1196
1206
1220
1135
1190
1199
1215
1175
1186
1167
1204
1212
1228
1184
1155
1152
1200
1224
1200
1196
1204
1168
1230
1199
1199
1188
1210
1152
1174
1215
1167
1229
1156
1183
1159
1152
1199
1184
1183
1172
1159
1208
1168
1199
1214
1168
1204
1224
1184
1176
1152
1158
1167
1185
1139
1215
1168
1184
1200
1194
1152
1154
1215
1231
1167
1183
1152
1155
1170
1215
1156
1196
1154
1214
1214
1188
1152
1214
1147
1199
1172
1168
1192
1244
1184
1154
1186
1208
1152
1152
1215
1183
1152
1167
1188
1159
1184
1200
1215
1154
1215
1168
1139
1183
1167
1154
1216
1152
1166
1167
1199
1198
1130
1154
1168
1162
1172
1155
1215
1204
1214
1175
1200
1143
1200
1184
1176
1206
1214
1184
1152
1152
1188
1156
1159
1159
1199
1160
1212
1196
1212
1200
1214
1159
1183
1196
1131
1152
1184
1152
1191
1152
1159
1188
1196
1131
1152
1152
1174
1152
1192
1154
1183
1183
1196
1170
1178
1184
1184
1152
1156
1167
1151
1184
1177
1199
1170
1135
1164
1120
1198
1135
1170
1167
1183
1161
1183
1152
1120
1126
1158
1200
1174
1183
1168
1152
1167
1120
1154
1152
1111
1152
1167
1183
1135
1182
1183
1174
1127
1180
1131
1199
1167
1151
1175
1127
1135
1176
1160
1127
1186
1135
1124
1127
1188
1126
1120
1127
1122
1167
1184
1174
1132
1162
1136
1136
1152
1168
1120
1160
1122
1152
1120
1191
1152
1127
1184
1160
1121
1170
1188
1168
1151
1190
1167
1167
1183
1196
1186
1168
1160
1184
1183
1184
1151
1198
1183
1156
1151
1199
1110
1143
1201
1115
1122
1120
1167
1151
1119
1123
1134
1168
1183
1199
1156
1162
1199
1159
1172
1122
1180
1126
1127
1126
1156
1166
1151
1180
1196
1152
1187
1152
1183
1178
1162
1152
1107
1184
1176
1143
1152
1120
1120
1135
1160
1120
1130
1156
