// 0° 30 ms delay
	1063
	1072
	1119
	1099
	1103
	1056
	1056
	1072
	1060
	1119
	1056
	1095
	1111
	1056
	1095
	1073
	1115
	1064
	1072
	1056
	1088
	1074
	1060
	1063
	1056
	1073
	1103
	1119
	1111
	1087
	1056
	1119
	1111
	1062
	1056
	1060
	1119
	1056
	1069
	1089
	1071
	1056
	1119
	1095
	1103
	1056
	1091
	1060
	1079
	1087
	1119
	1095
	1103
	1095
	1072
	1119
	1064
	1103
	1057
	1064
	1076
	1072
	1103
	1060
	1119
	1076
	1111
	1107
	1103
	1072
	1107
	1090
	1079
	1088
	1107
	1056
	1095
	1119
	1056
	1119
	1056
	1077
	1095
	1087
	1087
	1060
	1119
	1095
	1111
	1119
	1056
	1107
	1087
	1056
	1056
	1103
	1119
	1064
	1065
	1119
	1103
	1072
	1056
	1056
	1072
	1064
	1119
	1103
	1064
	1087
	1060
	1107
	1083
	1119
	1109
	1056
	1079
	1088
	1064
	1096
	1064
	1060
	1111
	1056
	1056
	1089
	1079
	1064
	1100
	1060
	1075
	1119
	1076
	1056
	1111
	1056
	1060
	1119
	1103
	1056
	1091
	1056
	1089
	1079
	1060
	1097
	1093
	1095
	1057
	1064
	1111
	1115
	1072
	1065
	1111
	1119
	1119
	1056
	1103
	1088
	1056
	1115
	1095
	1087
	1088
	1073
	1087
	1088
	1056
	1072
	1119
	1076
	1077
	1074
	1056
	1064
	1079
	1077
	1058
	1103
	1095
	1074
	1056
	1105
	1060
	1115
	1109
	1077
	1109
	1103
	1111
	1071
	1119
	1103
	1119
	1056
	1111
	1111
	1089
	1056
	1089
	1111
	1075
	1056
	1073
	1056
	1099
	1119
	1119
	1073
	1072
	1064
	1107
	1056
	1095
	1119
	1089
	1103
	1103
	1064
	1056
	1095
	1087

// 90° 30 ms delay
	1472
	1552
	1474
	1551
	1476
	1555
	1488
	1541
	1475
	1519
	1487
	1552
	1480
	1519
	1512
	1559
	1463
	1479
	1524
	1479
	1531
	1488
	1559
	1506
	1551
	1552
	1544
	1568
	1549
	1503
	1472
	1479
	1542
	1431
	1535
	1472
	1504
	1536
	1527
	1504
	1467
	1488
	1463
	1536
	1563
	1537
	1559
	1475
	1552
	1472
	1540
	1457
	1523
	1463
	1553
	1508
	1459
	1583
	1541
	1527
	1431
	1472
	1488
	1467
	1456
	1457
	1555
	1535
	1480
	1479
	1551
	1514
	1503
	1519
	1461
	1551
	1472
	1512
	1550
	1519
	1555
	1504
	1456
	1471
	1472
	1488
	1479
	1456
	1487
	1542
	1487
	1537
	1519
	1555
	1515
	1488
	1459
	1480
	1472
	1472
	1472
	1535
	1495
	1471
	1476
	1471
	1549
	1512
	1555
	1463
	1455
	1440
	1535
	1550
	1456
	1547
	1495
	1536
	1472
	1504
	1535
	1475
	1540
	1551
	1555
	1471
	1549
	1451
	1471
	1545
	1535
	1510
	1551
	1459
	1488
	1479
	1462
	1536
	1547
	1535
	1472
	1472
	1472
	1553
	1535
	1461
	1536
	1504
	1487
	1553
	1511
	1472
	1472
	1471
	1462
	1536
	1488
	1487
	1488
	1521
	1461
	1525
	1472
	1472
	1471
	1459
	1508
	1476
	1472
	1504
	1463
	1503
	1459
	1511
	1467
	1509
	1553
	1520
	1508
	1504
	1479
	1550
	1456
	1519
	1557
	1461
	1506
	1508
	1479
	1504
	1552
	1504
	1535
	1545
	1458
	1536
	1547
	1461
	1492
	1553
	1479
	1496
	1536
	1539
	1472
	1487
	1544
	1472
	1504
	1535
	1503
	1535
	1512
	1488
	1503
	1511
	1471
	1535
	1463
	1536
	1459
	1535
	1463
	1503
	1551
	1487
	1459
	1554
	1487
	1551
	1472
	1487
	1535
	1487
	1495
	1471
	1547
	1498
	1453
	1547
	1488
	1549
	1457
	1514
	1519
	1472
	1457
	1503
	1467


// 45° 30 ms delay1383
	1344
	1331
	1415
	1331
	1376
	1375
	1339
	1359
	1327
	1344
	1386
	1346
	1399
	1343
	1375
	1343
	1344
	1344
	1343
	1360
	1415
	1344
	1344
	1344
	1322
	1376
	1344
	1410
	1344
	1339
	1420
	1429
	1410
	1375
	1439
	1415
	1344
	1344
	1343
	1381
	1379
	1391
	1335
	1328
	1368
	1399
	1335
	1320
	1344
	1328
	1344
	1431
	1408
	1408
	1376
	1419
	1327
	1347
	1316
	1391
	1376
	1376
	1399
	1375
	1343
	1384
	1348
	1347
	1318
	1344
	1312
	1327
	1319
	1344
	1364
	1417
	1381
	1391
	1376
	1320
	1344
	1375
	1391
	1417
	1360
	1348
	1331
	1319
	1428
	1407
	1359
	1279
	1343
	1356
	1320
	1407
	1455
	1407
	1327
	1327
	1415
	1379
	1327
	1320
	1343
	1344
	1343
	1527
	1312
	1335
	1352
	1367
	1348
	1280
	1296
	1359
	1367
	1421
	1407
	1367
	1335
	1320
	1414
	1392
	1413
	1321
	1316
	1327
	1312
	1391
	1399
	1383
	1407
	1348
	1388
	1421
	1391
	1344
	1328
	1335
	1335
	1335
	1352
	1348
	1359
	1399
	1328
	1408
	1395
	1392
	1399
	1335
	1424
	1360
	1327
	1359
	1391
	1344
	1311
	1409
	1343
	1315
	1296
	1343
	1299
	1352
	1343
	1344
	1439
	1455
	1344
	1403
	1351
	1323
	1427
	1408
	1344
	1328
	1399
	1280
	1302
	1344
	1343
	1319
	1343
	1359
	1320
	1376
	1315
	1343
	1376
	1320
	1431
	1415
	1344
	1323
	1391
	1346
	1375
	1383
	1335
	1419
	1325
	1413
	1344
	1295
	1344
	1356
	1328
	1315
	1419
	1344
	1344
